"x"
0.3
0.8
1.3
1.8
2.3
2.8
3.3
3.8
4.3
4.8
5.3
6.3
7.3
8.3
9.3
10.3
11.8
13.3
14.3
15.3
16.3
17.3
18.3
19.3
20.3
22.3
24.3
25.3
26.3
27.3
28.3
30.5
32.5
36.5
40.5
44.5
48.5
52.5
56.5
60.5
64.5
68.5
72.5
76.5
80.5
84.5
88.5
92.5
96.5
100.5
104.5
108.5
112.5
118.5
120.5
124.5
128.5
130.5
132.5
134.5
136.5
138.5
140.5
142.5
144.5
146.5
148.5
150.5
152.5
154.5
156.5
158.5
160.5
162.5
164.5
166.5
168.5
170.5
172.5
174.5
176.5
178.5
180.5
182.5
184.5
188.5
192.5
196.5
200.5
204.5
208.5
212.5
216.5
220.5
224.5
228.5
244.5
248.5
252.5
254.5
256.5
